Test numbers (1-9) at count 50.
Source string: 9,3,5,3,7,4,7,6,1,5,4,5,3,5,9,4,3,9,7,3,6,7,8,8,5,3,3,9,7,8,1,7,5,5,3,6,2,7,9,3,8,4,5,7,4,5,1,4,7,1
Compact string: 1:4,2:1,3:9,4:6,5:9,6:3,7:9,8:4,9:5
Ratio: 35,35

Test numbers (1-9) at count 100.
Source string: 8,3,5,5,5,1,5,8,1,7,5,9,2,6,3,9,4,1,8,1,4,1,3,8,8,1,5,7,6,4,4,6,2,1,9,2,4,1,2,2,7,6,9,1,2,5,7,2,7,5,1,8,5,8,2,9,4,4,1,8,7,2,4,4,6,3,5,9,4,4,2,1,9,6,2,4,7,5,3,5,2,4,9,9,5,4,9,6,4,5,7,2,1,8,1,4,6,8,8,1
Compact string: 1:F,2:D,3:5,4:G,5:E,6:8,7:8,8:B,9:A
Ratio: 17,59

Test numbers (1-9) at count 500.
Source string: 3,3,9,5,1,3,9,2,7,8,8,7,3,5,6,7,6,6,7,4,4,8,6,3,7,2,1,8,8,9,5,2,1,6,1,7,1,8,8,4,7,8,8,8,6,5,1,7,3,3,4,9,9,1,1,9,5,1,3,1,4,5,5,4,4,4,5,4,9,4,6,8,8,6,8,2,4,3,1,8,2,4,5,1,2,5,9,1,2,4,3,9,7,4,3,2,3,1,2,5,7,4,2,2,1,1,2,1,9,6,2,3,2,6,7,2,5,1,1,5,1,9,7,3,7,3,7,5,5,7,4,4,8,9,3,8,7,1,9,2,6,1,6,2,2,2,1,5,6,9,2,3,6,7,2,1,5,1,2,6,2,4,7,7,2,2,9,8,8,6,7,4,3,1,9,8,2,2,2,3,2,2,8,8,3,5,7,4,3,4,8,7,2,3,5,7,5,9,8,6,3,8,2,7,7,5,8,9,4,6,2,8,8,7,8,4,3,2,9,1,3,6,3,4,9,5,6,9,3,8,9,2,4,2,7,5,2,2,3,6,4,8,5,9,2,6,8,4,4,7,4,7,6,3,2,9,6,5,1,6,5,6,5,5,5,6,9,2,5,5,4,4,3,9,9,5,4,3,7,9,5,8,5,2,6,8,9,7,8,1,1,4,1,1,7,2,6,4,4,2,5,5,8,4,5,1,9,7,7,7,8,4,5,6,4,6,2,4,2,6,5,4,9,5,3,9,6,2,3,4,7,1,7,7,6,8,4,4,7,7,5,7,3,6,6,2,5,5,7,3,1,1,4,6,1,7,7,3,8,8,2,7,9,6,9,9,1,4,7,5,3,7,4,2,2,8,7,8,2,7,6,7,6,6,9,9,8,2,8,7,8,4,1,3,1,2,4,2,2,1,8,6,9,8,2,7,7,9,6,2,7,8,8,4,3,5,7,6,8,7,3,1,7,7,2,3,3,9,3,4,2,7,5,4,9,4,3,9,7,7,5,8,5,6,4,5,9,4,6,4,3,8,1,6,2,4,1,4,2,9,1,4,4,4,7,6,9,4,8,6,1,8,5,2,3,2,4,1,3,6,6,9,6,2,9,5,5,8,6,4,3,5,4,8,8,7,1,8,6,7
Compact string: 1:1C,2:1T,3:1C,4:1S,5:1H,6:1I,7:1S,8:1L,9:1B
Ratio: 4,40

Test numbers (1-300) at count 1000.
Source string: 21,206,184,269,73,161,191,132,36,166,247,193,26,89,110,17,25,250,136,188,194,85,141,152,61,45,52,196,153,283,15,27,199,281,80,54,240,273,253,136,273,144,207,265,108,266,208,189,257,279,10,39,210,121,258,130,157,80,83,285,135,22,173,267,254,285,137,113,17,298,281,65,264,37,42,239,159,231,286,211,200,155,237,207,73,154,67,294,48,251,191,242,69,279,259,275,222,206,269,158,86,166,120,65,29,115,236,68,81,41,195,277,210,255,295,113,98,250,137,64,111,178,20,135,83,159,4,233,51,72,299,59,205,241,185,26,232,16,128,103,285,44,16,25,42,185,125,279,60,283,87,20,278,33,290,53,262,117,234,246,44,80,150,102,234,128,161,230,224,175,284,173,207,187,212,161,222,167,123,156,180,261,70,185,85,180,241,236,33,298,18,199,151,120,104,163,279,283,104,114,278,156,275,117,24,267,292,34,184,51,5,9,96,270,229,289,107,100,97,254,196,46,283,170,86,174,64,77,10,238,129,58,94,51,145,275,3,115,167,272,205,71,4,269,223,183,129,114,70,48,89,145,260,141,173,124,10,137,54,292,103,164,85,26,271,277,226,44,4,233,6,55,13,166,290,121,137,251,241,174,256,136,187,173,232,94,105,245,42,229,106,269,92,66,295,145,163,28,198,191,219,131,136,47,231,24,165,227,263,36,274,215,206,216,178,65,144,150,235,113,124,106,83,3,71,264,100,197,160,174,297,32,181,53,250,284,52,218,243,294,116,91,212,174,143,184,67,221,28,224,134,3,18,105,203,94,223,225,139,181,287,86,215,64,65,137,4,202,88,254,249,243,272,192,214,243,249,73,120,98,25,197,47,101,13,264,237,259,276,30,32,288,240,92,96,263,147,152,65,64,55,218,240,201,216,290,216,122,66,221,94,207,30,65,17,178,264,177,53,218,31,54,41,116,179,192,84,84,76,149,69,16,253,17,126,149,234,234,231,123,295,246,81,40,243,271,125,17,277,231,155,17,195,51,36,19,123,154,156,287,171,266,105,196,149,39,81,257,149,207,111,170,179,175,153,182,44,204,250,187,90,222,103,219,120,190,289,222,89,74,250,5,60,40,277,293,69,200,267,216,250,290,167,127,268,224,38,113,26,92,61,233,52,258,78,233,75,150,237,61,185,113,111,185,139,155,276,120,255,152,266,43,114,87,227,161,232,209,216,223,96,138,54,81,83,184,126,269,22,129,299,224,155,250,147,139,201,18,295,263,107,295,85,113,266,162,225,26,104,50,164,270,294,59,24,256,91,106,208,22,95,188,228,51,266,157,66,92,217,226,261,59,115,234,247,183,202,110,118,52,172,228,24,122,185,83,223,258,179,70,76,33,210,174,160,194,55,106,177,11,67,234,223,256,57,292,118,264,268,84,129,140,184,221,57,70,36,29,248,11,93,103,290,285,185,80,98,217,122,25,58,177,172,75,44,182,38,81,129,80,62,295,131,111,119,283,280,22,259,258,75,223,119,269,82,219,14,26,158,200,75,254,262,121,191,213,289,153,266,13,260,120,235,176,199,15,34,177,239,255,71,46,67,49,161,144,49,94,8,228,133,62,218,46,122,187,52,84,109,208,193,280,178,27,247,123,94,105,289,243,107,248,254,228,132,283,141,56,189,206,76,97,63,125,50,204,292,124,259,71,181,165,54,26,69,142,247,39,187,149,76,294,277,242,110,141,159,8,205,185,35,100,104,157,139,211,4,284,50,215,81,275,180,154,178,16,120,120,1,217,248,122,283,140,119,212,295,149,188,243,14,84,64,115,86,274,222,1,200,26,170,161,13,159,79,69,33,24,163,153,84,269,125,290,225,15,51,26,51,83,22,89,132,8,250,288,46,122,163,224,274,42,130,161,23,196,157,116,103,108,62,182,129,291,155,104,147,261,99,61,244,232,170,55,207,21,14,214,254,70,262,98,293,96,16,124,167,230,255,164,192,299,109,142,238,130,41,299,289,176,93,204,53,68,135,259,210,247,161,258,156,73,185,68,127,137,218,21,246,4,25,133,71,185,264,214,206,194,176,69,91,111,292,272,43,82,126,2,139,158,285,18,227,12,81,278,262,107,291,12,279,195,130,163,41,51,95,97,97,197,32,12,52,143,287,300,104,123,62,140,44,118,200,257,144,91,17,251,139,280,170,178,11,63,259,98,90,215,142,243,228,49,140,178,210,86,160,264,86,226,68,277,78,284,33,212,185,249,155,109
Compact string: 2,1,3,6,2,1,0,3,1,3,3,3,4,3,3,5,7,4,1,2,3,5,1,5,5,9,2,2,2,2,1,3,5,2,1,4,1,2,3,2,4,4,2,6,1,4,2,2,3,3,8,6,4,5,4,1,2,2,3,2,4,4,2,5,6,3,4,4,6,5,5,1,4,1,4,4,1,2,1,5,7,2,6,6,4,6,2,1,4,2,4,4,2,6,2,4,4,5,1,3,1,1,5,6,4,4,4,2,3,3,5,0,6,3,4,3,2,3,3,8,3,6,5,4,4,3,2,2,6,4,2,3,2,1,3,4,6,1,6,4,4,3,2,4,3,0,3,0,6,3,1,3,4,3,6,4,4,3,4,3,8,1,5,3,2,3,4,0,0,5,1,2,4,5,2,3,4,7,3,3,3,3,2,5,B,0,5,3,2,1,4,3,2,3,3,4,3,1,3,5,2,2,1,3,3,5,6,3,1,5,2,4,1,3,4,5,3,5,3,0,3,5,6,5,3,3,3,5,2,2,4,4,4,6,2,2,3,2,2,3,3,2,7,1,1,3,5,3,3,8,3,0,2,6,4,3,3,5,6,2,3,4,3,7,1,6,3,2,7,2,2,3,2,3,4,2,6,3,5,3,2,0,7,4,5,1,3,2,5,6,2,5,2,4,7,0,1,2,4,1
Ratio: 16,40

Test numbers (1-9) at count 1000.
Source string: 3,6,5,4,4,7,2,8,8,2,9,6,8,4,8,6,7,8,8,5,5,9,4,1,2,3,4,8,9,9,2,1,1,3,8,5,9,6,4,3,7,9,5,3,6,5,7,5,6,8,4,9,8,2,2,9,8,6,1,5,7,2,9,4,2,4,6,3,8,8,8,1,4,7,8,1,3,9,5,6,1,7,7,5,8,6,6,2,5,5,3,8,4,4,2,4,7,3,8,2,2,7,5,4,1,7,2,7,6,8,5,5,1,5,3,8,6,6,3,9,4,9,2,3,7,9,7,8,5,8,3,2,4,4,9,9,9,4,5,8,4,2,2,4,9,3,8,3,3,8,6,9,6,1,6,3,5,2,1,7,7,2,4,7,9,3,3,1,8,9,6,6,9,3,2,7,1,5,7,1,6,2,6,1,7,3,2,3,8,9,9,6,5,4,4,9,6,3,7,2,7,7,3,8,2,8,5,2,2,7,8,3,9,1,7,3,6,2,9,7,3,2,8,8,6,9,2,2,9,7,5,5,2,7,9,9,1,7,1,4,3,8,6,2,7,7,9,6,6,2,9,1,6,4,4,4,9,1,4,3,9,4,6,8,3,3,6,5,2,6,4,9,4,4,6,9,2,8,9,1,7,1,8,3,2,8,8,8,4,3,4,4,8,6,7,7,1,2,5,5,9,9,3,5,6,8,8,3,1,3,8,1,1,6,6,2,9,4,2,4,9,3,6,3,5,3,9,7,7,2,7,1,6,4,9,1,2,2,8,1,4,4,9,6,9,4,4,9,2,8,1,1,5,4,6,8,2,8,6,5,6,2,2,6,5,7,1,9,2,5,8,6,2,1,6,3,5,5,9,6,9,9,3,8,7,4,7,1,4,9,8,1,9,1,4,4,3,3,7,7,8,8,8,2,3,2,2,4,5,4,1,4,9,4,7,6,8,7,4,4,9,5,4,2,7,7,7,4,1,6,2,6,6,9,6,5,3,8,3,2,5,6,6,2,1,7,9,9,2,8,8,8,2,9,9,1,1,5,3,5,9,5,1,6,9,4,4,4,4,7,1,8,7,4,2,3,6,9,7,7,8,1,5,1,8,1,6,8,1,2,7,7,6,6,6,8,3,6,2,6,4,9,8,4,6,8,2,4,8,5,6,6,6,4,8,6,6,1,4,7,1,4,8,9,6,3,6,5,1,2,7,1,4,2,7,6,2,4,9,3,3,1,1,7,4,4,8,8,2,8,6,3,2,6,1,7,4,7,1,9,2,1,9,7,7,8,5,7,8,3,8,6,5,8,5,2,7,7,1,3,2,4,1,3,7,4,1,3,5,4,5,2,8,9,4,6,6,6,1,6,7,5,9,1,9,2,6,2,4,8,4,9,7,5,6,9,5,6,7,2,4,8,3,7,3,7,9,6,7,5,4,7,5,5,5,6,1,9,8,7,9,6,2,1,8,6,5,8,4,5,4,7,5,5,8,6,2,7,9,1,5,5,6,9,1,9,8,4,6,3,2,2,8,5,7,7,8,6,8,5,9,6,1,1,9,9,2,4,7,5,8,1,6,5,3,9,3,5,5,9,6,9,9,2,3,4,4,8,7,2,6,7,2,8,5,7,6,5,7,2,8,9,8,5,8,9,7,1,2,8,5,2,8,6,2,6,6,9,5,9,4,1,9,1,1,7,8,9,7,1,9,4,6,7,8,5,1,7,5,5,7,9,2,2,9,6,7,2,1,3,6,4,2,2,1,5,4,9,5,4,6,8,2,5,7,8,6,9,1,5,5,4,8,3,6,6,7,4,8,7,6,6,3,2,4,5,3,6,9,1,4,6,7,6,1,8,2,5,7,4,9,2,1,2,6,7,8,4,1,4,5,4,6,5,3,1,3,4,4,5,2,5,4,2,9,4,9,5,2,4,2,6,9,9,5,5,7,2,7,3,6,1,8,4,8,6,6,7,9,6,8,9,2,1,5,3,9,2,2,1,8,3,9,6,3,4,1,8,9,1,8,6,7,4,4,3,1,9,9,5,3,1,8,7,6,5,8,7,3,7,7,1,3,2,6,2,1,4,2,2,3,3,8,1,9,1,5,8,4,7,9,9,4,1,3,6,2,9,7,9,3,6,7,6,2,1,1,1,8,8,4,9,7,4,4,3,3,9,2,5,1,8,6,5,2,1,3,9,9,6,6,1,9,8,3,1,6,6,7,9,2,6,2,4,1,7,1,3,6,4,5,5,6,2,6,8,1,4,7,3
Compact string: 1:2W,2:36,3:2F,4:38,5:2R,6:3O,7:33,8:39,9:3C
Ratio: 2,20

Test numbers (10-99) at count 1000.
Source string: 99,83,74,29,25,72,40,90,33,21,63,57,18,57,32,64,33,13,30,21,35,33,17,14,55,75,22,31,60,75,75,80,12,82,83,16,31,33,42,12,83,34,30,83,23,51,16,25,50,58,85,43,25,46,96,89,10,63,65,75,41,95,28,64,69,98,83,96,15,43,32,82,92,71,27,73,24,99,86,93,99,13,67,38,12,13,66,97,26,35,71,27,14,82,68,69,28,63,53,78,91,43,30,48,32,21,80,74,66,31,40,92,64,37,89,35,83,83,31,32,57,80,60,79,12,11,78,90,45,93,63,59,66,63,28,92,31,22,74,51,38,12,73,25,24,80,88,43,94,55,82,66,21,76,11,90,29,91,87,45,10,38,35,70,77,28,89,48,73,26,37,34,89,22,11,49,29,23,62,69,79,87,71,62,88,13,30,29,99,26,36,30,77,16,17,11,89,37,47,52,93,11,31,70,18,57,49,73,42,14,26,30,24,38,37,35,56,14,84,43,12,25,36,78,94,54,58,91,89,52,34,89,42,20,69,17,94,82,25,89,44,73,19,84,63,33,98,39,14,55,89,89,50,27,98,95,45,61,66,59,69,22,32,49,67,28,81,61,26,19,30,50,49,73,19,78,76,32,43,93,74,88,91,29,33,32,15,44,96,39,28,26,94,94,93,28,97,96,66,70,91,36,70,64,13,63,95,46,89,72,32,24,52,72,48,86,64,15,90,27,23,16,21,21,92,28,50,36,41,16,52,28,67,19,42,37,94,92,55,50,34,14,36,32,87,71,74,99,76,79,82,88,70,98,11,76,30,77,95,25,83,66,15,64,35,17,22,95,47,53,41,24,83,77,49,30,48,65,61,49,74,11,56,47,83,19,33,88,37,24,18,54,56,36,51,34,28,17,95,10,80,51,95,66,51,73,48,86,89,13,81,43,98,63,86,65,93,24,66,44,99,96,56,35,62,92,68,53,96,90,94,73,83,47,13,65,72,19,82,47,34,22,18,95,70,13,89,88,80,31,34,51,15,45,25,98,25,43,47,42,55,44,42,80,26,46,31,59,77,72,18,32,61,95,18,76,82,95,77,49,12,42,97,48,84,48,30,13,46,36,98,61,88,76,16,59,95,53,33,75,57,46,85,10,75,33,61,81,33,38,17,93,18,32,79,14,36,50,33,16,21,13,86,13,12,70,12,62,60,60,87,48,82,18,15,55,39,15,72,61,56,32,15,53,71,49,96,57,81,11,25,72,57,76,45,98,46,65,18,83,72,69,15,49,47,82,30,70,35,42,53,33,50,49,66,33,71,43,60,66,11,94,18,31,38,25,77,96,32,74,41,59,23,50,69,39,56,49,73,51,47,91,35,23,74,72,13,34,36,25,41,20,47,56,43,19,82,26,31,31,62,79,57,78,53,53,39,64,77,10,28,72,52,36,78,48,19,30,87,66,86,21,94,88,67,71,49,38,59,98,87,95,27,72,82,30,61,48,59,23,42,16,53,37,32,31,49,39,54,48,55,29,38,67,48,68,19,38,79,18,51,83,98,73,97,87,79,43,42,17,16,91,27,70,51,86,15,80,22,87,50,54,52,37,39,46,95,63,23,78,96,58,21,25,31,31,77,62,34,69,52,63,66,51,82,14,12,68,79,43,46,39,47,21,77,60,67,22,92,13,44,85,13,31,70,65,66,50,34,31,88,80,69,70,36,68,84,55,19,97,10,75,40,17,32,92,99,68,82,45,61,14,86,96,23,41,47,43,22,11,38,66,53,95,51,10,98,64,22,62,92,50,70,39,18,46,88,81,67,88,61,70,26,60,80,66,53,58,10,30,56,13,38,35,80,36,61,24,65,42,72,11,61,56,51,94,18,34,19,51,94,62,45,63,86,42,22,16,34,82,82,44,78,41,86,54,53,35,38,18,77,15,62,88,11,26,73,45,72,99,47,63,59,64,42,96,11,58,91,60,96,22,66,67,38,63,35,74,63,50,16,56,69,42,50,38,60,28,42,11,90,31,61,12,92,79,60,34,96,35,22,71,40,38,11,97,40,36,72,87,87,39,87,41,24,62,96,39,68,87,10,19,44,98,90,52,38,71,77,11,65,51,27,40,66,37,54,94,74,23,33,63,32,89,58,27,88,39,82,93,50,25,89,77,66,29,49,82,49,65,18,61,72,51,47,99,99,51,94,61,17,35,46,85,27,94,18,98,35,48,57,36,79,36,68,22,60,12,16,65,46,43,62,84,37,68,36,71,79,68
Compact string: A:9,B:G,C:C,D:F,E:9,F:B,G:C,H:9,I:G,J:C,K:2,L:A,M:E,N:9,O:9,P:E,Q:A,R:9,S:C,T:7,U:E,V:H,W:G,X:E,Y:D,Z:F,10:G,11:A,12:G,13:C,14:6,15:8,16:F,17:E,18:7,19:8,1A:B,1B:D,1C:D,1D:F,1E:E,1F:G,1G:8,1H:C,1I:6,1J:8,1K:A,1L:9,1M:6,1N:8,1O:B,1P:F,1Q:B,1R:F,1S:9,1T:A,1U:J,1V:8,1W:A,1X:A,1Y:D,1Z:A,20:F,21:B,22:A,23:7,24:7,25:D,26:8,27:B,28:B,29:5,2A:I,2B:D,2C:5,2D:4,2E:A,2F:C,2G:D,2H:F,2I:7,2J:8,2K:A,2L:8,2M:E,2N:E,2O:E,2P:6,2Q:D,2R:A
Ratio: 14,10

Test numbers (100-300) at count 1000.
Source string: 115,234,285,202,172,198,251,215,226,179,250,232,231,204,232,106,236,154,265,185,220,215,150,121,108,179,158,210,139,130,133,295,142,193,173,300,271,293,101,272,298,258,204,245,176,273,297,107,216,277,193,106,132,179,190,146,153,145,195,104,141,269,145,137,280,224,226,243,207,103,259,283,162,124,295,160,233,154,106,180,200,158,299,153,224,211,234,192,200,125,209,228,108,101,205,104,135,159,207,225,142,231,185,155,183,268,248,182,166,258,109,269,286,155,257,215,129,131,256,206,134,253,235,251,228,290,119,156,271,231,268,172,188,164,222,161,134,295,192,169,145,244,162,126,297,170,146,300,200,272,142,229,290,217,137,292,167,214,276,235,276,201,111,242,265,146,132,165,116,127,270,295,164,195,146,148,235,123,143,224,191,295,236,199,268,273,295,112,248,134,214,118,149,165,180,189,274,295,236,273,194,209,268,104,222,195,195,280,108,172,247,189,226,254,165,284,208,170,226,219,204,161,203,202,183,105,222,266,216,268,255,145,182,287,230,140,115,273,186,195,168,128,148,137,273,150,159,246,144,172,111,141,208,203,154,116,101,117,270,193,124,293,249,235,102,300,298,263,103,185,275,298,212,274,178,209,300,262,212,138,166,202,199,121,229,128,288,179,199,184,262,157,249,289,265,122,242,157,186,187,267,242,203,244,255,282,196,180,133,133,280,117,128,169,259,192,155,212,138,293,235,233,111,136,103,248,178,145,225,259,135,273,201,200,105,246,267,178,162,285,256,143,265,155,197,225,280,249,107,286,264,104,231,230,125,101,157,214,148,217,239,203,142,276,206,203,279,137,124,265,249,244,252,111,244,210,259,256,209,112,113,275,236,284,274,209,226,237,152,118,204,233,283,254,271,296,195,252,103,266,277,173,180,254,239,256,288,292,209,297,175,250,265,297,147,151,113,245,162,251,154,262,261,227,154,278,148,298,269,151,237,162,130,140,223,197,259,127,258,297,107,287,271,274,196,136,293,273,227,249,181,147,127,260,261,213,271,202,183,226,247,208,238,280,151,167,243,109,142,293,210,227,260,192,109,249,195,189,110,164,274,274,136,234,259,127,234,220,228,135,271,236,259,289,237,151,123,185,170,158,234,257,220,182,263,173,137,134,125,179,209,202,265,279,203,299,141,228,101,265,134,262,271,219,166,288,224,230,240,261,281,201,103,218,111,295,185,225,231,228,292,141,100,102,122,258,138,171,255,163,238,129,195,201,123,209,171,250,179,141,137,121,177,278,205,277,115,221,258,298,141,151,162,185,168,100,208,131,194,149,122,281,222,162,163,233,186,167,257,211,238,217,172,206,248,152,173,267,123,289,195,300,224,129,133,120,239,199,142,295,119,159,200,269,162,132,186,201,160,196,185,236,125,148,136,131,270,285,272,198,225,249,230,132,175,264,205,161,290,273,131,238,125,293,292,211,145,273,289,268,286,198,255,172,145,108,265,249,184,239,131,111,194,276,129,255,289,159,292,196,217,233,250,112,130,161,158,194,212,116,232,208,281,202,122,213,179,257,181,160,179,196,284,108,197,130,227,277,180,131,297,183,131,104,173,131,126,187,242,120,219,219,259,149,292,233,244,164,287,204,188,170,136,278,234,133,115,269,278,287,180,171,132,262,267,161,216,106,274,264,288,109,260,281,236,200,296,104,112,126,277,113,298,252,282,140,136,130,127,213,236,207,239,242,139,243,217,223,220,270,254,192,133,173,231,199,159,279,263,255,229,227,123,165,147,199,104,129,254,211,212,217,107,179,208,191,254,161,287,164,199,239,171,298,244,176,210,282,164,127,113,100,117,171,200,145,216,238,186,192,172,188,106,196,220,133,282,277,234,113,168,228,289,211,155,217,159,256,276,124,257,178,189,141,119,244,209,212,222,179,236,265,198,172,242,204,266,287,107,223,220,244,284,157,240,101,298,217,145,193,286,106,240,148,175,224,182,279,288,279,169,234,194,113,257,139,228,115,119,124,214,140,170,129,102,178,183,212,111,283,209,142,199,211,257,201,132,213,280,120,155,224,176,108,241,294,131,256,212,214,228,101,160,109,213,162,175,157,172,242,264,292,253,200,264,197,199,121,219,119,281,268,174,176,104,266,270,219,252,172,154,186,114,143,194,151,287,121,293,198,107,130,130,149,208,190,188,149,113,112,193,286,138,203,225,111,222,228,220,253,213,235,104,158,171,258,238,198,195,201,106,170,138,295,126,117,154,291,133,141
Compact string: 0,0,0,0,0,0,0,0,0,0,0,0,0,0,0,0,0,0,0,0,0,0,0,0,0,0,0,0,0,0,0,0,0,0,0,0,0,0,0,0,0,0,0,0,0,0,0,0,0,0,0,0,0,0,0,0,0,0,0,0,0,0,0,0,0,0,0,0,0,0,0,0,0,0,0,0,0,0,0,0,0,0,0,0,0,0,0,0,0,0,0,0,0,0,0,0,0,0,0,3,7,3,5,9,2,7,6,6,5,1,8,5,7,1,5,3,4,2,5,3,5,4,5,5,5,4,6,3,6,7,9,6,8,5,3,6,6,5,3,4,8,7,3,1,9,4,3,6,5,2,6,2,2,7,6,1,5,5,6,4,6,9,2,6,4,3,3,3,3,6,6,A,6,1,4,4,1,5,A,6,2,4,5,2,7,6,2,4,4,2,2,6,5,6,A,6,4,6,9,8,7,6,7,6,3,3,3,7,A,4,6,8,6,5,3,4,8,1,6,7,1,6,3,7,6,6,5,9,3,4,6,3,6,8,6,9,3,6,6,3,1,7,3,8,2,2,2,4,8,4,3,4,3,6,6,6,7,6,8,3,3,5,3,5,A,4,4,7,5,5,7,3,9,7,2,5,6,4,5,6,5,4,3,4,3,5,7,5,6,3,1,7,7,1,A,2,6,8,2,5
Ratio: 14,98

Test all numbers (1-300) at count 3 for each.
Source string: 1,1,1,2,2,2,3,3,3,4,4,4,5,5,5,6,6,6,7,7,7,8,8,8,9,9,9,10,10,10,11,11,11,12,12,12,13,13,13,14,14,14,15,15,15,16,16,16,17,17,17,18,18,18,19,19,19,20,20,20,21,21,21,22,22,22,23,23,23,24,24,24,25,25,25,26,26,26,27,27,27,28,28,28,29,29,29,30,30,30,31,31,31,32,32,32,33,33,33,34,34,34,35,35,35,36,36,36,37,37,37,38,38,38,39,39,39,40,40,40,41,41,41,42,42,42,43,43,43,44,44,44,45,45,45,46,46,46,47,47,47,48,48,48,49,49,49,50,50,50,51,51,51,52,52,52,53,53,53,54,54,54,55,55,55,56,56,56,57,57,57,58,58,58,59,59,59,60,60,60,61,61,61,62,62,62,63,63,63,64,64,64,65,65,65,66,66,66,67,67,67,68,68,68,69,69,69,70,70,70,71,71,71,72,72,72,73,73,73,74,74,74,75,75,75,76,76,76,77,77,77,78,78,78,79,79,79,80,80,80,81,81,81,82,82,82,83,83,83,84,84,84,85,85,85,86,86,86,87,87,87,88,88,88,89,89,89,90,90,90,91,91,91,92,92,92,93,93,93,94,94,94,95,95,95,96,96,96,97,97,97,98,98,98,99,99,99,100,100,100,101,101,101,102,102,102,103,103,103,104,104,104,105,105,105,106,106,106,107,107,107,108,108,108,109,109,109,110,110,110,111,111,111,112,112,112,113,113,113,114,114,114,115,115,115,116,116,116,117,117,117,118,118,118,119,119,119,120,120,120,121,121,121,122,122,122,123,123,123,124,124,124,125,125,125,126,126,126,127,127,127,128,128,128,129,129,129,130,130,130,131,131,131,132,132,132,133,133,133,134,134,134,135,135,135,136,136,136,137,137,137,138,138,138,139,139,139,140,140,140,141,141,141,142,142,142,143,143,143,144,144,144,145,145,145,146,146,146,147,147,147,148,148,148,149,149,149,150,150,150,151,151,151,152,152,152,153,153,153,154,154,154,155,155,155,156,156,156,157,157,157,158,158,158,159,159,159,160,160,160,161,161,161,162,162,162,163,163,163,164,164,164,165,165,165,166,166,166,167,167,167,168,168,168,169,169,169,170,170,170,171,171,171,172,172,172,173,173,173,174,174,174,175,175,175,176,176,176,177,177,177,178,178,178,179,179,179,180,180,180,181,181,181,182,182,182,183,183,183,184,184,184,185,185,185,186,186,186,187,187,187,188,188,188,189,189,189,190,190,190,191,191,191,192,192,192,193,193,193,194,194,194,195,195,195,196,196,196,197,197,197,198,198,198,199,199,199,200,200,200,201,201,201,202,202,202,203,203,203,204,204,204,205,205,205,206,206,206,207,207,207,208,208,208,209,209,209,210,210,210,211,211,211,212,212,212,213,213,213,214,214,214,215,215,215,216,216,216,217,217,217,218,218,218,219,219,219,220,220,220,221,221,221,222,222,222,223,223,223,224,224,224,225,225,225,226,226,226,227,227,227,228,228,228,229,229,229,230,230,230,231,231,231,232,232,232,233,233,233,234,234,234,235,235,235,236,236,236,237,237,237,238,238,238,239,239,239,240,240,240,241,241,241,242,242,242,243,243,243,244,244,244,245,245,245,246,246,246,247,247,247,248,248,248,249,249,249,250,250,250,251,251,251,252,252,252,253,253,253,254,254,254,255,255,255,256,256,256,257,257,257,258,258,258,259,259,259,260,260,260,261,261,261,262,262,262,263,263,263,264,264,264,265,265,265,266,266,266,267,267,267,268,268,268,269,269,269,270,270,270,271,271,271,272,272,272,273,273,273,274,274,274,275,275,275,276,276,276,277,277,277,278,278,278,279,279,279,280,280,280,281,281,281,282,282,282,283,283,283,284,284,284,285,285,285,286,286,286,287,287,287,288,288,288,289,289,289,290,290,290,291,291,291,292,292,292,293,293,293,294,294,294,295,295,295,296,296,296,297,297,297,298,298,298,299,299,299,300,300,300
Compact string: 3,3,3,3,3,3,3,3,3,3,3,3,3,3,3,3,3,3,3,3,3,3,3,3,3,3,3,3,3,3,3,3,3,3,3,3,3,3,3,3,3,3,3,3,3,3,3,3,3,3,3,3,3,3,3,3,3,3,3,3,3,3,3,3,3,3,3,3,3,3,3,3,3,3,3,3,3,3,3,3,3,3,3,3,3,3,3,3,3,3,3,3,3,3,3,3,3,3,3,3,3,3,3,3,3,3,3,3,3,3,3,3,3,3,3,3,3,3,3,3,3,3,3,3,3,3,3,3,3,3,3,3,3,3,3,3,3,3,3,3,3,3,3,3,3,3,3,3,3,3,3,3,3,3,3,3,3,3,3,3,3,3,3,3,3,3,3,3,3,3,3,3,3,3,3,3,3,3,3,3,3,3,3,3,3,3,3,3,3,3,3,3,3,3,3,3,3,3,3,3,3,3,3,3,3,3,3,3,3,3,3,3,3,3,3,3,3,3,3,3,3,3,3,3,3,3,3,3,3,3,3,3,3,3,3,3,3,3,3,3,3,3,3,3,3,3,3,3,3,3,3,3,3,3,3,3,3,3,3,3,3,3,3,3,3,3,3,3,3,3,3,3,3,3,3,3,3,3,3,3,3,3,3,3,3,3,3,3,3,3,3,3,3,3,3,3,3,3,3,3
Ratio: 18,29
